#(carId,StartTime,RoadId...)
(10001, 1, 5030, 5041, 5052)
(10084, 1, 5019, 5030, 5041, 5047, 5048)
(10017, 1, 5012, 5017, 5028, 5039, 5050)
(10110, 1, 5020, 5031, 5042, 5048)
(10116, 1, 5041, 5030, 5019, 5008, 5002, 5001)
(10057, 1, 5055, 5056, 5057, 5052, 5041, 5030, 5019)
(10035, 1, 5005, 5016, 5027)
(10067, 1, 5032, 5043, 5054)
(10108, 1, 5038, 5027, 5016)
(10082, 1, 5040, 5029, 5018, 5007, 5001, 5000)
(10036, 1, 5016, 5027, 5038, 5049, 5055)
(10100, 1, 5028, 5039, 5050)
(10024, 1, 5044, 5045, 5046, 5047, 5042, 5031, 5020, 5009)
(10098, 1, 5021, 5032, 5043)
(10077, 1, 5007, 5018, 5029, 5040)
(10072, 1, 5052, 5041, 5030, 5019, 5008, 5002, 5001)
(10085, 1, 5058, 5059, 5054, 5043, 5032, 5021)
(10119, 1, 5039, 5028, 5017, 5006, 5000)
(10101, 1, 5011, 5016, 5027, 5038, 5049)
(10127, 1, 5028, 5017, 5006)
(10009, 1, 5043, 5032, 5021, 5015, 5014, 5013, 5012)
(10008, 1, 5049, 5038, 5027, 5016, 5005)
(10000, 1, 5029, 5040, 5051, 5057, 5058)
(10052, 1, 5028, 5039, 5050)
(10012, 1, 5029, 5018, 5007, 5001)
(10105, 1, 5030, 5041, 5052, 5058, 5059)
(10099, 1, 5054, 5043, 5032, 5021)
(10111, 1, 5056, 5057, 5052, 5041, 5030, 5019)
(10087, 1, 5029, 5018, 5007, 5001, 5000)
(10091, 1, 5053, 5042, 5031, 5020, 5009)
(10031, 1, 5056, 5057, 5058, 5053, 5042, 5031, 5020, 5009)
(10122, 1, 5011, 5016, 5027, 5038, 5049)
(10023, 1, 5029, 5018, 5007, 5001)
(10050, 1, 5029, 5040, 5051, 5057)
(10114, 1, 5016, 5027, 5038, 5044, 5045, 5046, 5047, 5048)
(10069, 2, 5012, 5017, 5028, 5039, 5050)
(10062, 2, 5008, 5019, 5030)
(10020, 2, 5046, 5047, 5042, 5031, 5020, 5009)
(10117, 2, 5028, 5039, 5050, 5056)
(10028, 2, 5008, 5019, 5030, 5041, 5052, 5058)
(10054, 2, 5017, 5028, 5039, 5050, 5056, 5057, 5058)
(10006, 2, 5029, 5018, 5007, 5001)
(10124, 2, 5047, 5042, 5031, 5020, 5009)
(10088, 2, 5032, 5043, 5054)
(10081, 2, 5018, 5029, 5040, 5046)
(10080, 2, 5032, 5021, 5010, 5004, 5003, 5002, 5001)
(10096, 2, 5052, 5041, 5030, 5024, 5023)
(10112, 2, 5031, 5042, 5053, 5059)
(10045, 2, 5006, 5017, 5028, 5039, 5045, 5046, 5047)
(10104, 2, 5018, 5029, 5040, 5051)
(10002, 2, 5016, 5027, 5038, 5049)
(10060, 2, 5028, 5039, 5050, 5056, 5057, 5058, 5059)
(10033, 2, 5057, 5058, 5059, 5054, 5043, 5032, 5021, 5010)
(10103, 2, 5005, 5016, 5027, 5038, 5049, 5055, 5056, 5057, 5058, 5059)
(10125, 2, 5019, 5030, 5041, 5052, 5058)
(10074, 2, 5051, 5040, 5029, 5023)
(10025, 2, 5053, 5042, 5031, 5025)
(10048, 2, 5005, 5016, 5027, 5038, 5049)
(10044, 2, 5031, 5020, 5009, 5003, 5002, 5001)
(10118, 2, 5016, 5027, 5038, 5044)
(10065, 2, 5001, 5000, 5005, 5016, 5027, 5038, 5049)
(10066, 2, 5053, 5042, 5031, 5020, 5014, 5013, 5012, 5011)
(10030, 2, 5039, 5028, 5017, 5006)
(10090, 2, 5008, 5019, 5030, 5036)
(10018, 2, 5027, 5038, 5049)
(10041, 2, 5030, 5041, 5052)
(10076, 2, 5051, 5040, 5029, 5018, 5007, 5001)
(10107, 2, 5003, 5002, 5007, 5018, 5029, 5040, 5051)
(10021, 2, 5015, 5020, 5031, 5042, 5053)
(10038, 2, 5059, 5054, 5043, 5032, 5021, 5010)
(10037, 3, 5027, 5016, 5005)
(10003, 3, 5052, 5041, 5030, 5019, 5013, 5012, 5011)
(10095, 3, 5032, 5021, 5010)
(10073, 3, 5031, 5020, 5009, 5003, 5002, 5001)
(10042, 3, 5055, 5056, 5051, 5040, 5029, 5018)
(10047, 3, 5030, 5041, 5052)
(10093, 3, 5027, 5016, 5005)
(10086, 3, 5044, 5045, 5040, 5029, 5018, 5007)
(10029, 3, 5032, 5043, 5054)
(10034, 3, 5006, 5017, 5028, 5034, 5035, 5036)
(10061, 3, 5015, 5014, 5019, 5030, 5041, 5052)
(10083, 3, 5054, 5043, 5032, 5021, 5010)
(10064, 3, 5031, 5020, 5009, 5003, 5002, 5001, 5000)
(10113, 3, 5044, 5045, 5046, 5047, 5042, 5031, 5020, 5009)
(10027, 3, 5032, 5043, 5054)
(10010, 3, 5051, 5040, 5029, 5018, 5007, 5001)
(10121, 3, 5051, 5040, 5029, 5018, 5012, 5011)
(10051, 3, 5018, 5029, 5040, 5046, 5047, 5048)
(10097, 3, 5028, 5039, 5050, 5056, 5057, 5058)
(10089, 3, 5030, 5019, 5008, 5002)
(10022, 3, 5008, 5019, 5030, 5041, 5047, 5048)
(10058, 3, 5032, 5021, 5010, 5004, 5003)
(10049, 3, 5008, 5019, 5030, 5036)
(10043, 3, 5040, 5029, 5018)
(10102, 3, 5028, 5017, 5006)
(10014, 3, 5030, 5041, 5052, 5058, 5059)
(10040, 3, 5055, 5056, 5057, 5058, 5059, 5054, 5043, 5032, 5021, 5010)
(10019, 3, 5029, 5040, 5051, 5057, 5058)
(10063, 3, 5027, 5038, 5049, 5055, 5056)
(10007, 3, 5031, 5020, 5009, 5003, 5002, 5001)
(10079, 3, 5029, 5040, 5051, 5057)
(10092, 3, 5040, 5029, 5018, 5012, 5011)
(10059, 3, 5008, 5019, 5030, 5041, 5047)
(10026, 3, 5039, 5028, 5017, 5011)
(10106, 3, 5039, 5028, 5017, 5011)
(10071, 4, 5053, 5042, 5031, 5025)
(10120, 4, 5028, 5017, 5006)
(10015, 4, 5005, 5016, 5027, 5038, 5044, 5045, 5046)
(10005, 4, 5028, 5017, 5006)
(10004, 4, 5030, 5019, 5008, 5002, 5001)
(10055, 4, 5006, 5017, 5028, 5034, 5035)
(10123, 4, 5053, 5042, 5031, 5020)
(10070, 4, 5030, 5041, 5052, 5058, 5059)
(10056, 4, 5030, 5041, 5052, 5058)
(10075, 4, 5031, 5042, 5053, 5059)
(10011, 4, 5029, 5040, 5051)
(10053, 4, 5018, 5029, 5040, 5046, 5047, 5048)
(10078, 4, 5001, 5006, 5017, 5028, 5039, 5050)
(10094, 4, 5030, 5019, 5008)
(10126, 4, 5009, 5020, 5031, 5042, 5053)
(10068, 4, 5004, 5003, 5002, 5007, 5018, 5029, 5040, 5051)
(10013, 4, 5059, 5054, 5043, 5032, 5021)
(10039, 4, 5020, 5031, 5042, 5053, 5059)
(10109, 4, 5028, 5039, 5050)
(10046, 4, 5030, 5019, 5008, 5002, 5001, 5000)
(10115, 4, 5006, 5017, 5028, 5039)
(10032, 4, 5017, 5028, 5039, 5050, 5056, 5057)
(10016, 4, 5030, 5019, 5008, 5002, 5001, 5000)